1.0,-0.027831460223,-0.000118541135535,-0.27852424402,-0.0205832820176,0.0,-0.00861998941909,0.0,-0.00320642928592,0.0,0.0,0.0,0.0,0.0,0.0,-0.00411198995315,-0.0187972927371,-0.00691953433249,-0.0115957416876,-0.00338016377866,-0.0275287097985,-0.00930305903804,0.0,-0.0186335822775,-0.0175356804729,-0.0273790434867,-0.00833954805296,-0.00195447801724,-0.00422480565786,-0.0012781786178,-0.0123449524423,0.0,0.0,-0.00537512108104,-0.0173700245907,0.0,-0.0301904192545,0.0,-0.00700137113923,0.0,-0.0209988909621,-0.0291427285627,-0.00716535994304,-0.145600272455,0.0,0.0,-0.0329994459086,0.0,-0.00397592954207,-0.0065868142402,-0.00427398251607,-0.0870392401819,-0.00236152251774,-0.0186984366213,-0.0329228336508,-0.00724672930461,-0.0159749239224,-0.00172419006432,0.0,0.0,-0.00291468347412,-0.0798336262108,-0.0110273251662,0.0,-0.0030017453964,-0.010671945777,-0.00645453351593,-0.0169167272699,-0.00175517143373,-0.0426527436597,-0.00291308624967,-0.000117367177401,-0.000127287576285,0.0,-0.000844301501582
-0.027831460223,1.0,0.0,-0.00354338084999,0.0,-0.0274295110673,0.0,0.0,0.0,0.0,0.0,-0.0112200987912,-0.028668379136,0.0,-0.011369144275,-0.0225325115599,0.0,-0.0171791833834,0.0,-0.0135700624769,-0.0202750750334,0.0,0.0,0.0,-0.0295266113381,-0.042116273783,-0.0163635070766,0.0,0.0,0.0,0.0,-0.00503556091517,-0.00373516545526,-0.0064999780437,-8.21992387244e-05,0.0,-0.00549092816659,-0.0300463617666,-0.0222479241575,-0.000735994311686,-0.0226290426822,-0.0077738029069,-0.0158050883904,-0.000378942120641,-0.0215574428866,0.0,0.0,0.0,0.0,0.0,0.0,-0.000128929441519,-0.00228842264534,0.0,-0.0221035409773,-0.000118023698201,-0.00794190263891,-0.00684247706346,0.0,-0.0277651365869,-0.00538783689654,0.0,-0.0272387706424,0.0,-0.00559920713384,-9.36045299099e-05,-0.00756875655567,-0.00376178430344,-0.0177230479054,-0.0220041482823,0.0,-0.0227159687541,0.0,0.0,0.0
-0.000118541135535,0.0,1.0,0.0,-0.0105404663668,0.0,0.0,0.0,0.0,0.0,0.0,0.0,0.0,-0.000166891280941,0.0,0.0,0.0,-0.000193785125485,0.0,0.0,0.0,0.0,0.0,0.0,0.0,-0.00272242503738,0.0,-0.00420722889146,-0.0027768749425,-0.0386868600347,-0.0499948602582,-0.00269662067408,0.0,-0.0550726413216,0.0,0.0,0.0,0.0,-0.000266222866438,0.0,0.0,-0.0425163863355,-0.0027376395804,0.0,0.0,0.0,-0.0141736184987,-0.0282766847003,-0.00736285203727,-0.00924717598446,-0.00245926510973,-0.0223636375805,-0.00685032956074,0.0,-0.00836999964899,0.0,-0.0510980441012,0.0,-0.00310141139535,0.0,0.0,0.0,0.0,-0.000252769995572,-0.0328503771375,-0.111115438687,-0.0156822974848,-0.0368930500026,0.0,0.0,-0.00571523289976,-0.000129330566466,0.0,0.0,0.0
-0.27852424402,-0.00354338084999,0.0,1.0,-0.0355703828525,0.0,0.0,0.0,0.0,0.0,0.0,0.0,0.0,-0.00635249582667,-0.00199308267707,0.0,-0.0174586643412,-0.0195420725452,-0.00248031210168,0.0,-0.0111238151667,-0.00372883912513,0.0,-0.0226151647255,-0.00852353832974,-0.0138402672029,-0.0235398999647,0.0,-0.00164875528645,0.0,-0.0138457594807,-0.0196070847456,0.0,-0.0133634373442,-0.0197747990915,0.0,-0.00357060707082,0.0,-0.00621666904884,0.0,-0.00539858536258,-0.00791318072337,0.0,-0.146990613578,0.0,0.0,0.0,-6.78549108295e-05,-0.000100267332975,-0.0183703571022,-0.00173775314356,-0.00827304624287,-0.00156490286044,-0.0253537041398,-0.0112382931735,0.0,-0.00311205010887,0.0,-0.0324512824194,0.0,-0.0132194484835,0.0,-3.46072011945e-05,-0.00264185642375,-0.00943353452742,-0.00934979257126,-0.00010880399316,0.0,-0.00474771179147,-0.00727844132471,-0.00367038544753,-0.0210763902752,0.0,0.0,0.0
-0.0205832820176,0.0,-0.0105404663668,-0.0355703828525,1.0,0.0,-0.0140037620852,-0.0061442762967,0.0,-0.00567145995157,0.0,-0.00356398077578,0.0,0.0,-0.00767608770639,0.0,-0.0138359984037,-0.0153544627595,0.0,-0.00225693837675,-0.0588065824371,-0.00377565377822,-0.0124911379305,-0.0361271295113,-0.0133214280426,-0.00182271144305,-0.0264047712163,0.0,-0.0185185583969,-0.00345901540186,-0.105369588366,-0.00844798653293,0.0,-0.0244787977108,-0.00885865811736,-0.023820673312,-0.00370631979574,-0.0327253369302,-0.0152568453214,0.0,0.0,-6.75937601327e-05,0.0,-3.88632562804e-05,-0.0343717069154,0.0,-0.00900984765879,-0.0134046693667,-0.0214644771152,-0.0141160506775,0.0,-0.00804465848805,-0.0163960593532,-0.000229012622283,-0.00999167247642,-0.000216362292621,-0.0480905645501,-0.0175032600627,0.0,0.0,-0.0130691785758,-0.00560649223985,-0.00626017445801,-0.0225494500023,-0.0368107131269,-0.0150849199985,-0.0078944674563,-0.0140675196748,-0.0253251114226,-0.00900246060613,-0.0374864342594,-0.000149086858615,-0.00933750203091,0.0,0.0
0.0,-0.0274295110673,0.0,0.0,0.0,1.0,0.0,0.0,0.0,0.0,0.0,0.0,-0.214938844937,0.0,0.0,-0.154378839199,0.0,-0.0166931917578,-0.00305648757686,0.0,0.0,-0.000123996582577,0.0,0.0,0.0,-0.00254621506989,-0.0345516563864,0.0,0.0,0.0,0.0,0.0,-0.101226061331,-0.00284602755043,0.0,0.0,0.0,-0.00607975491608,0.0,-0.0876013977046,0.0,-0.0106545530423,0.0,0.0,-0.00334102039499,0.0,0.0,0.0,0.0,0.0,0.0,0.0,0.0,0.0,0.0,-0.0086794578529,0.0,0.0,0.0,0.0,0.0,0.0,0.0,0.0,0.0,-0.0048323780577,0.0,0.0,0.0,0.0,0.0,0.0,0.0,0.0,0.0
-0.00861998941909,0.0,0.0,0.0,-0.0140037620852,0.0,1.0,-0.000116298963057,0.0,0.0,-0.00498522703001,0.0,0.0,0.0,-0.00204996630314,0.0,-0.00217312158213,0.0,-0.0137840396604,-0.00487565163511,-0.0667718081224,-0.00214358239032,-0.00715241273244,-0.00239486800667,-0.0275314969645,0.0,-0.00328311759423,0.0,-0.0331522132871,-0.0211887070991,0.0,0.0,0.0,-0.0080218215442,0.0,0.0,-0.0605191638498,0.0,0.0,0.0,-0.00579193677493,0.0,-0.0155617426949,0.0,-0.0400324331208,0.0,-0.00773359575852,0.0,0.0,-0.00232203295209,-0.0120332505424,-0.0140161894091,-0.0156574331088,0.0,-0.0130832353759,-6.72933735822e-05,-0.000189168512824,-0.0687795960891,-0.00238806165895,0.0,-0.000126307297133,-0.0126536734347,-0.000138050525008,0.0,-0.00651341456283,0.0,-0.00297618289708,0.0,-0.0449406216036,-0.161110712279,0.0,0.0,0.0,0.0,0.0
0.0,0.0,0.0,0.0,-0.0061442762967,0.0,-0.000116298963057,1.0,0.0,0.0,-0.000284457547056,-0.00262907052224,0.0,-0.0140578414414,-0.00264318209668,-0.00210487466929,-0.0228499643133,-0.00276545322788,0.0,-0.0111777581313,-0.0401782447848,-0.010376930517,-0.00251463966263,-0.00265312177309,-0.0187974420781,-0.0269954294138,-0.00378658215669,0.0,-0.0186510847773,0.0,-0.000234612278577,-0.0544114715662,0.0,-0.0178873190495,0.0,0.0,0.0,-0.0312543226802,0.0,0.0,-0.0361027322535,0.0,0.0,-0.024098958878,-0.0059821149099,0.0,-0.0177021304668,0.0,-0.00368322844855,0.0,-0.0160177736439,-0.00527984820061,-0.0060793490564,-0.0309877928344,-0.0112320361955,-0.000353898483476,0.0,-0.0313111708395,-0.029012394093,0.0,-0.0199886534746,-0.00696413338655,-0.0290923824832,-0.0109133380679,0.0,-0.0322577712378,-0.0140866760274,-0.00626221707245,-0.0228491371249,0.0,-0.000289472973989,-0.0100728164219,0.0,0.0,0.0
-0.00320642928592,0.0,0.0,0.0,0.0,0.0,0.0,0.0,1.0,0.0,0.0,-0.0766148251151,-0.0188022379176,0.0,-0.0318421805704,-0.0137142368872,-0.00179280542793,0.0,-0.00616087589743,-0.00579954482105,-0.00964330482024,-0.0216528958259,0.0,0.0,0.0,-0.0108447497957,-0.0339342521747,-0.00582059720252,0.0,0.0,-0.0113531723503,-0.0384759834245,-0.02287202611,-0.0137430596867,0.0,-0.005633103431,-0.0248427619003,-0.0180069272572,0.0,-0.0161968752158,-0.019675811607,-0.0327084791859,-0.011528452009,-0.00600926319274,0.0,0.0,-0.0231910207826,-0.0232441726609,0.0,-0.0176526053947,-0.0412413987276,-0.0365666951483,-0.0723099289621,-0.00827795838185,-0.0410125630481,0.0,-0.0338570180764,0.0,-0.0518368049853,0.0,-0.0653081581728,-0.0217034392151,-0.0249719799729,-0.00228987338531,0.0,-0.00309654836692,-0.0183239000849,0.0,0.0,-0.00749023912995,-0.0200113540787,-0.00437284190431,0.0,0.0,0.0
0.0,0.0,0.0,0.0,-0.00567145995157,0.0,0.0,0.0,0.0,1.0,-0.0298042494234,0.0,0.0,-0.0253373953401,0.0,0.0,-0.000125213851032,-0.000114833772619,-0.00018060820658,0.0,-0.00436165606872,0.0,-0.000110012760187,-6.7241248316e-05,-0.00280766734049,-0.00464672585579,-0.00713825317862,-0.0144705556989,-0.00658755539311,0.0,0.0,-0.054748771557,0.0,-0.00562255384755,-0.080744028538,0.0,0.0,0.0,-0.022685765348,0.0,-0.0327102816941,0.0,-0.00692087085548,0.0,0.0,0.0,0.0,0.0,-0.000176687561551,-0.00558130966573,-0.0417790956831,-0.0310663874815,0.0,0.0,-0.015131003548,-0.0272247359679,-0.0528721941,-0.0656541304691,-0.000150090568389,0.0,-0.00237133166642,0.0,-0.0126105353552,0.0,-0.00245177535839,-0.0094501501342,-0.0105177909045,-0.00315828011944,-0.0115917927888,-0.00463743233878,-0.0295428799383,-0.0691514564459,0.0,0.0,0.0
0.0,0.0,0.0,0.0,0.0,0.0,-0.00498522703001,-0.000284457547056,0.0,-0.0298042494234,1.0,-0.00166429777564,0.0,-0.000689953904369,0.0,0.0,-0.0517045187564,-0.00435750784439,-0.00228573622889,0.0,-0.0343425670588,-0.0161849853833,-0.0254210113421,-0.00612239946649,0.0,-0.0533156496686,0.0,-0.0263762947521,-0.166110693998,-0.0140591285716,-0.00437916377292,-0.0110799650215,0.0,-5.23218807666e-05,-0.0369035757855,0.0,-0.00176576022071,-0.000192986424948,-0.0257623275643,0.0,-0.0180057786604,0.0,-0.00947937382467,0.0,0.0,0.0,-0.0277930826007,-0.00992032572277,0.0,-0.00354769800434,-0.0271662128117,-0.00736792514241,-0.032933079502,-0.0293846841114,-0.0256317406373,-0.00649231768718,-0.0151916673997,-0.00427473019069,-0.0137081446969,0.0,-0.00333946289514,-0.00482023396353,-0.0386540362322,-0.0103724889132,0.0,-0.00726669250978,-0.00940268066862,-0.00466322175006,-0.0126150477239,-0.0155668993851,-0.00664176799919,-0.0260801220322,0.0,0.0,0.0
0.0,-0.0112200987912,0.0,0.0,-0.00356398077578,0.0,0.0,-0.00262907052224,-0.0766148251151,0.0,-0.00166429777564,1.0,-7.449908493e-05,0.0,-0.234174939138,0.0,-0.0155387321261,-0.00352591913253,0.0,-0.00344436432772,-0.00527613671158,-0.0559243591648,0.0,-0.00170617255324,0.0,-0.00441716516543,-0.00219249319527,-0.00538024224412,-0.00699071425818,0.0,-0.036797205503,-0.00403401838089,0.0,-0.00358151265103,-0.0123754434587,0.0,0.0,0.0,-0.000322928224734,0.0,-0.00388098447633,-0.0215645482164,-0.0580903447698,0.0,0.0,0.0,0.0,-5.4633778746e-05,0.0,-0.0655463259608,-0.000105818983722,-0.000221574773264,-0.0831800418257,-0.0075513496131,-0.0758800329516,-0.0259245221869,-0.0104904694001,0.0,-0.0359213241848,0.0,-0.045009535832,0.0,-0.010226157975,0.0,-0.00142576998534,-0.00433584954928,-0.0410863567344,-0.00974006164829,0.0,0.0,0.0,-0.0101235284422,0.0,0.0,0.0
0.0,-0.028668379136,0.0,0.0,0.0,-0.214938844937,0.0,0.0,-0.0188022379176,0.0,0.0,-7.449908493e-05,1.0,-0.00508182783171,0.0,-0.312822733096,0.0,-0.10574585741,-0.0132102074017,0.0,0.0,0.0,-0.0015337112525,0.0,-0.000197133611401,-0.00277505571421,-0.0309108781498,0.0,0.0,0.0,-0.00538941660233,-7.60647623114e-05,-0.146082577982,0.0,-0.00831558901611,0.0,0.0,-0.0419531999106,0.0,-0.242807865061,-0.00279090462255,-0.00451621132751,0.0,0.0,0.0,0.0,0.0,0.0,0.0,0.0,-0.00282326113936,0.0,0.0,0.0,-6.5467737962e-05,-0.00351468108201,-0.00137462619171,-0.00163124674825,0.0,0.0,-0.00617079558638,0.0,-0.00306324625317,0.0,0.0,-0.00163613638947,0.0,0.0,0.0,0.0,0.0,0.0,0.0,0.0,0.0
0.0,0.0,-0.000166891280941,-0.00635249582667,0.0,0.0,0.0,-0.0140578414414,0.0,-0.0253373953401,-0.000689953904369,0.0,-0.00508182783171,1.0,0.0,-0.0107933754229,0.0,-0.00929720114054,-0.00317879295913,0.0,-0.0114441501652,-0.00554789383766,0.0,0.0,-0.00896424121919,-0.0341923385781,-0.00401962831217,-0.0283165392609,0.0,0.0,0.0,-0.027167280204,-0.00726089577351,-0.0828475669474,-0.0121464485312,0.0,0.0,0.0,-6.94159578107e-05,-0.00648170444455,-0.00894313952419,0.0,0.0,0.0,0.0,0.0,0.0,0.0,0.0,0.0,-0.00725869967073,-0.0343644948597,0.0,-0.0325210949376,-0.00205138456205,-0.00673081597767,-0.011605395492,0.0,-0.0248599787301,0.0,-0.0675589285761,0.0,0.0,-0.00372381360193,-0.0106097961043,-0.0456881312088,0.0,0.0,0.0,0.0,-0.0266582271865,-0.03201495799,-0.0197125708421,0.0,-0.0633958536954
0.0,-0.011369144275,0.0,-0.00199308267707,-0.00767608770639,0.0,-0.00204996630314,-0.00264318209668,-0.0318421805704,0.0,0.0,-0.234174939138,0.0,0.0,1.0,-7.2270724031e-05,-0.00670927159924,-0.00390025941589,0.0,0.0,0.0,-0.0574945059238,0.0,-0.00528820728922,-0.00372849576096,-2.39991521645e-05,-0.00435143325814,-0.000109976904686,-0.00872489419848,0.0,-0.0457655247334,-0.00714760059322,0.0,-0.00356783828553,-0.02329039751,0.0,0.0,0.0,-0.00955067353122,0.0,-0.00130335567535,-0.0156341381754,-0.0607862059864,0.0,0.0,0.0,0.0,-0.00453948085502,0.0,-0.0314555523165,0.0,0.0,-0.0998359559492,-0.00811903908224,-0.0741167374812,-0.00968224059784,-0.0146470379863,0.0,-0.0491706291185,0.0,-0.0359331292237,0.0,-0.0153030084011,0.0,-0.00323089606034,-0.00918166558134,-0.0534205149623,-0.0220689480985,-0.00199115937191,0.0,-0.00572630358661,-0.00227762535213,0.0,0.0,0.0
-0.00411198995315,-0.0225325115599,0.0,0.0,0.0,-0.154378839199,0.0,-0.00210487466929,-0.0137142368872,0.0,0.0,0.0,-0.312822733096,-0.0107933754229,-7.2270724031e-05,1.0,0.0,-0.0972774961008,0.0,0.0,-0.00460048324376,0.0,-0.00146833102163,0.0,-9.43650235835e-05,-0.00129011317641,-0.0308311139114,0.0,0.0,0.0,-0.0131707426496,0.0,-0.215144700258,-0.00472964820254,-0.000190197063275,-0.0145229243259,0.0,-0.0315709115543,-5.59008322826e-05,-0.248083875777,-7.16610055728e-05,-0.00856358909113,0.0,0.0,0.0,0.0,0.0,0.0,0.0,0.0,-7.59853929381e-05,-0.00469220947287,0.0,-0.00290789588921,-0.00110132317282,-0.00184335509326,-0.00601465721694,-0.000188482084331,0.0,-0.00296695571672,-0.00849679247144,-0.0165405988998,-0.00634124238255,0.0,0.0,-0.0151881805912,0.0,-0.0016832204074,0.0,0.0,0.0,-0.00576623418058,0.0,0.0,0.0
-0.0187972927371,0.0,0.0,-0.0174586643412,-0.0138359984037,0.0,-0.00217312158213,-0.0228499643133,-0.00179280542793,-0.000125213851032,-0.0517045187564,-0.0155387321261,0.0,0.0,-0.00670927159924,0.0,1.0,-0.00187352613287,0.0,-0.0149434651616,-0.00562786036252,-0.0150996687572,0.0,-0.311023699616,0.0,-0.019043209385,-0.00911146393436,0.0,-0.0148747093017,-0.0551433344446,-0.00181454620866,-0.0592203098477,0.0,-0.0035879564575,-0.00753676998883,-0.0315329808026,-0.00621721523231,0.0,0.0,0.0,0.0,-0.0152441242617,-0.00142326589135,0.0,0.0,0.0,-0.0190630837406,0.0,-0.0196865799132,0.0,-0.0382166099697,-0.00521195303923,0.0,-0.0242664616388,-0.0025138086467,-0.0315115381221,-0.0167188391076,-0.00967619373916,-0.00184864589097,0.0,-0.0222689766504,0.0,-0.0297417365397,-0.00462930342324,-0.0384475064601,-0.0017199767577,-0.0199639289701,-0.0226151058805,0.0,-0.00298774462761,0.0,-0.00894831819365,-0.00820459433558,0.0,0.0
-0.00691953433249,-0.0171791833834,-0.000193785125485,-0.0195420725452,-0.0153544627595,-0.0166931917578,0.0,-0.00276545322788,0.0,-0.000114833772619,-0.00435750784439,-0.00352591913253,-0.10574585741,-0.00929720114054,-0.00390025941589,-0.0972774961008,-0.00187352613287,1.0,-0.00222215817358,-0.000118071001197,-0.00608209651027,0.0,-0.0019592344515,-0.0119587396488,-0.0252410079151,-0.0547650457381,-0.0260918145416,0.0,-0.00163977292019,-0.000350413469507,-0.0223356004702,-0.0131915021038,-0.0251590531755,-0.0307958107653,-0.00433188106912,-0.000181825635626,-0.0135435717019,-0.0118931037762,-0.00329316964869,-0.0929399677867,-0.00159417667518,-0.00563358526198,0.0,-0.00225066238143,-0.000130793496041,0.0,-0.00229571818016,0.0,-0.00899044690436,-0.00596113677081,-0.00315268792451,0.0,-0.00152015987009,-0.00366903476069,-0.0171965658751,-0.0192018919821,-0.0236219340396,-8.31942080366e-05,-0.00550873076582,-0.101586170792,-0.00513420926701,0.0,-0.00371984067685,0.0,-0.00937644228673,-0.0254533828936,0.0,0.0,0.0,-0.0162055223962,-0.095243356982,-0.01168816331,-0.000408735190693,0.0,0.0
-0.0115957416876,0.0,0.0,-0.00248031210168,0.0,-0.00305648757686,-0.0137840396604,0.0,-0.00616087589743,-0.00018060820658,-0.00228573622889,0.0,-0.0132102074017,-0.00317879295913,0.0,0.0,0.0,-0.00222215817358,1.0,-0.0505178853059,-0.0800721489728,-0.0145498285861,0.0,-7.35136247336e-05,-0.0023021784442,-0.00400747285624,-0.0114971431445,0.0,-0.00223242846683,-0.0522400576115,-7.54083398996e-05,0.0,0.0,-0.0421704687403,-0.0315379095568,-0.0761326532074,-0.0150726929292,0.0,-0.00654543326665,0.0,-0.00018477749253,0.0,-0.00167166005384,-8.02674765452e-05,0.0,0.0,-0.0693365474962,-0.0146132284536,-0.0025456950703,-0.0555536022789,0.0,-0.0806445315506,-0.00319048279878,-0.00778758387068,-0.0203382613674,0.0,-0.00852217023911,-0.00932746106203,0.0,0.0,-0.00588221877791,-0.0406010968514,-0.00675056453095,0.0,-0.00633014435888,-0.0273059108108,0.0,0.0,-0.0143654644455,-0.0185624806741,-0.0119624775286,0.0,-0.0144432608829,0.0,0.0
-0.00338016377866,-0.0135700624769,0.0,0.0,-0.00225693837675,0.0,-0.00487565163511,-0.0111777581313,-0.00579954482105,0.0,0.0,-0.00344436432772,0.0,0.0,0.0,0.0,-0.0149434651616,-0.000118071001197,-0.0505178853059,1.0,-0.0484358211952,-0.0128203153407,-0.0274220852389,-0.00989314927412,-0.00184407593878,0.0,-0.00981926504007,-0.00637293489923,0.0,-0.00796597462024,-6.75416435234e-05,-0.0543619459338,0.0,0.0,-0.00995094141555,-0.0342912222787,-0.0256264685276,0.0,0.0,0.0,-0.0726932472745,-0.00268842381433,0.0,0.0,0.0,0.0,-0.0634004182358,-0.00508077963001,-0.0067847617194,-0.0364481819338,-0.00818046142654,-0.0530726488047,-0.00545443085893,-0.0141167817247,-0.0223698311454,0.0,-0.00323480897817,-0.000234392212847,0.0,0.0,-0.00676134182135,-0.0390777643104,-0.0722521256072,0.0,-0.103097648995,0.0,-0.00466688254272,-0.00462016192584,-0.0253635389286,-0.00506009258041,-0.00699421117607,-0.00902255366465,0.0,0.0,0.0
-0.0275287097985,-0.0202750750334,0.0,-0.0111238151667,-0.0588065824371,0.0,-0.0667718081224,-0.0401782447848,-0.00964330482024,-0.00436165606872,-0.0343425670588,-0.00527613671158,0.0,-0.0114441501652,0.0,-0.00460048324376,-0.00562786036252,-0.00608209651027,-0.0800721489728,-0.0484358211952,1.0,-0.0101478878819,-0.0431844406699,-0.00279253534794,-0.0133703430572,-0.00491259112013,-0.0114278673604,0.0,-0.0353041890641,-0.0283971071384,-0.0103295937977,-0.025300943795,0.0,-0.0122702988407,-0.00590585032942,-0.0824401755188,-0.0332181714993,-0.0193393603905,-0.00234842025873,0.0,-0.0544229613807,-0.00526493574452,-0.0175836340034,-0.0125131545728,-0.012895959179,0.0,-0.00161813805437,-0.0498424302337,-0.00507795625765,-0.00713636266698,-0.0445220180359,-0.00816184261469,-0.0237728289482,-0.00258902703922,-0.0263390497856,-0.00923243413536,-0.00884515872444,-0.0449150021559,-0.0110672440413,0.0,-0.0261492739502,-4.78039584563e-05,-0.00680151578991,-0.00200354260733,-0.00926751599661,-0.017357201922,-0.00336821915924,0.0,-0.0846551558033,-0.0352823433677,0.0,-0.0460352790837,0.0,0.0,0.0
-0.00930305903804,0.0,0.0,-0.00372883912513,-0.00377565377822,-0.000123996582577,-0.00214358239032,-0.010376930517,-0.0216528958259,0.0,-0.0161849853833,-0.0559243591648,0.0,-0.00554789383766,-0.0574945059238,0.0,-0.0150996687572,0.0,-0.0145498285861,-0.0128203153407,-0.0101478878819,1.0,-0.00175607903613,-0.0195459072225,0.0,-0.0103550122067,-0.00452160274526,-0.00548653492139,-0.00301421841095,-0.0109694883105,-0.0144694591679,-0.0260097452672,0.0,-0.0167995396578,-0.012340373957,0.0,0.0,0.0,0.0,0.0,-0.00818767795927,0.0,-0.020473825615,-0.0058917630855,-0.029709775723,0.0,-0.041818233566,-0.00452580619008,-0.00376490441835,-0.0184115648828,-0.00876593606652,-0.0133272224886,-0.0459881169925,-0.0704216090953,-0.0267602587291,-0.0323634804,-0.0164460234595,-0.00876916139106,-0.0329215006087,0.0,-0.0687928979068,-0.0163706151987,-0.00847779863495,-0.0120136882022,-0.00493116365743,-0.0362326316255,-0.0421087492201,-0.0339150939881,-0.00750485915166,-0.01977550528,-0.0377525647752,-0.0061418277702,0.0,0.0,0.0
0.0,0.0,0.0,0.0,-0.0124911379305,0.0,-0.00715241273244,-0.00251463966263,0.0,-0.000110012760187,-0.0254210113421,0.0,-0.0015337112525,0.0,0.0,-0.00146833102163,0.0,-0.0019592344515,0.0,-0.0274220852389,-0.0431844406699,-0.00175607903613,1.0,0.0,-0.00810832598653,-0.00469901578881,-0.00938851053536,0.0,-0.0655397781174,-0.0503180335208,0.0,-0.0513883434812,0.0,-0.0279171011825,0.0,0.0,-0.0131638033293,-0.0109063658324,-0.00796450330471,0.0,-0.0562536753053,0.0,-0.0210455774254,0.0,-0.062436422805,0.0,-0.0165457898584,-0.000139348884753,-8.824800397e-05,-0.00182326029674,-0.0399454722055,0.0,-0.0429112189278,0.0,-0.0301504454952,0.0,-0.0116863993763,-0.00965982235864,-0.00749639247876,0.0,-0.00496046382818,-0.0122917674292,-0.0800303341826,0.0,-0.0419669405218,-0.00673157457612,-0.000172370430963,-0.0149740243638,-0.0597420919738,-0.021772302205,-0.00314539527206,-9.37811108052e-05,0.0,0.0,0.0
-0.0186335822775,0.0,0.0,-0.0226151647255,-0.0361271295113,0.0,-0.00239486800667,-0.00265312177309,0.0,-6.7241248316e-05,-0.00612239946649,-0.00170617255324,0.0,0.0,-0.00528820728922,0.0,-0.311023699616,-0.0119587396488,-7.35136247336e-05,-0.00989314927412,-0.00279253534794,-0.0195459072225,0.0,1.0,0.0,-0.0222462502179,-0.00758660821738,0.0,-0.00621129369432,-0.0574519742939,-0.00782820802201,-0.070981954438,0.0,-0.00770709211857,-0.00404733037234,-0.0152604889882,-0.00671864791013,-0.00347581387917,-0.00543886547079,0.0,-8.64328492283e-05,0.0,0.0,-0.00449753339758,0.0,0.0,-0.0122707214891,0.0,-0.00884588818489,-0.016854159539,-0.00655942440063,-0.00912912105454,0.0,-0.031448436236,-0.0140502125399,-0.012581253688,-0.0207962011493,-0.00183491696127,-0.0106910856249,0.0,-0.00677067743787,0.0,0.0,-0.0102000197583,-0.0348273983229,-0.0153381362567,-0.0210319952374,-0.0110288759726,0.0,-0.00152355575112,-0.00710115208242,-0.0110819150736,-0.0130184319758,0.0,0.0
-0.0175356804729,-0.0295266113381,0.0,-0.00852353832974,-0.0133214280426,0.0,-0.0275314969645,-0.0187974420781,0.0,-0.00280766734049,0.0,0.0,-0.000197133611401,-0.00896424121919,-0.00372849576096,-9.43650235835e-05,0.0,-0.0252410079151,-0.0023021784442,-0.00184407593878,-0.0133703430572,0.0,-0.00810832598653,0.0,1.0,-0.0116032995383,-0.00789072780856,-0.00824666119564,-0.0221123013754,0.0,-0.00446987400212,-0.0129065204625,0.0,-0.00404448380679,-0.00816030869707,0.0,-0.0340020673367,-0.030183381157,-0.0382697169367,0.0,-0.0541981029821,-0.00014409699289,-0.0168650473263,-0.0319205528477,-0.0691574053299,0.0,0.0,0.0,-0.00664674463633,-0.000109428091916,0.0,-0.000109933821561,-0.00141718267306,-0.0130023592966,-0.0439498202305,0.0,-0.0130207391387,-0.0756580417215,-0.003997448867,0.0,-0.00527633832866,-0.0105660283093,-0.0376191334455,0.0,-0.0106274246504,-0.0293456957166,-0.00987515972263,-0.020545441545,-0.0711197090009,-0.0614330267633,-0.00370416460844,-0.0284485557055,-0.00457943544005,0.0,0.0
-0.0273790434867,-0.042116273783,-0.00272242503738,-0.0138402672029,-0.00182271144305,-0.00254621506989,0.0,-0.0269954294138,-0.0108447497957,-0.00464672585579,-0.0533156496686,-0.00441716516543,-0.00277505571421,-0.0341923385781,-2.39991521645e-05,-0.00129011317641,-0.019043209385,-0.0547650457381,-0.00400747285624,0.0,-0.00491259112013,-0.0103550122067,-0.00469901578881,-0.0222462502179,-0.0116032995383,1.0,-0.0118325126587,-0.0103104209731,-0.0262786718352,-0.0174601136057,0.0,-0.0319206192401,0.0,-0.0131762621286,-0.00493995945182,0.0,-0.0190424926564,-0.000179430119872,-0.0738627897766,0.0,-0.0349607241506,-0.0199172838265,-0.00856448804767,-5.7593503647e-05,-0.0648538607715,0.0,-0.0186332481922,0.0,-0.0107516155252,-0.0410525767544,-0.00250885063898,-0.0319697910362,-0.00444548457255,-0.0055150200751,-0.0109091489443,-0.0467549466926,-0.0549002792403,0.0,-0.0137880467299,-0.166608992651,-0.0390523519447,0.0,-0.0183367268879,0.0,-0.0226265706534,-0.0124952959898,-0.0190958450113,-0.02368747756,-0.0164778883912,-0.01644823187,0.0,-0.028801062507,0.0,0.0,-0.0125383508256
-0.00833954805296,-0.0163635070766,0.0,-0.0235398999647,-0.0264047712163,-0.0345516563864,-0.00328311759423,-0.00378658215669,-0.0339342521747,-0.00713825317862,0.0,-0.00219249319527,-0.0309108781498,-0.00401962831217,-0.00435143325814,-0.0308311139114,-0.00911146393436,-0.0260918145416,-0.0114971431445,-0.00981926504007,-0.0114278673604,-0.00452160274526,-0.00938851053536,-0.00758660821738,-0.00789072780856,-0.0118325126587,1.0,0.0,-0.0101293356346,0.0,-0.0127908624959,-0.0267042727744,-0.0220376647775,-0.0290291699,-0.00283706420226,-0.000160183897643,-0.0105052233907,-0.0286703345877,-0.0105376496265,-0.0165486847934,-0.0331445552581,-0.0148672529403,0.0,0.0,0.0,0.0,0.0,-0.0519746720554,-0.000295390544187,-0.0135017758572,-0.00815740112377,-0.0141878155088,-0.00690374816864,0.0,-0.00831188993918,-0.00800581835633,-0.022912644316,0.0,-0.0161364107101,-0.0047396379963,-0.000215264237412,-0.000132979814517,-3.92130168047e-05,-0.000134840394568,-0.0175110358862,-0.0294478213098,-2.46569076084e-05,-0.00261197657705,-0.0029598475654,0.0,-0.0053992360649,-0.0228672372154,-0.0162693228172,0.0,0.0
-0.00195447801724,0.0,-0.00420722889146,0.0,0.0,0.0,0.0,0.0,-0.00582059720252,-0.0144705556989,-0.0263762947521,-0.00538024224412,0.0,-0.0283165392609,-0.000109976904686,0.0,0.0,0.0,0.0,-0.00637293489923,0.0,-0.00548653492139,0.0,0.0,-0.00824666119564,-0.0103104209731,0.0,1.0,-0.0334972420813,-0.0111631275176,-0.0243519377427,-0.0211002952948,0.0,-0.0568684588599,-0.102954231376,0.0,-0.0196129680132,0.0,-0.0147043113818,0.0,0.0,-0.00284164989302,-0.00837564247295,0.0,0.0,0.0,-0.0136798876508,-0.00296058167772,-0.002508201472,-0.0123004028111,-0.00365295293344,-0.0122905441874,-0.0212919071309,-0.0646379627008,-0.0393578950813,-0.00904501094635,-0.00960196977525,0.0,-0.0336938238188,0.0,-0.0327723805941,0.0,-0.00605657268035,0.0,-4.68253822376e-05,-0.0614598353252,-0.0228078198125,0.0,0.0,-0.0507551710943,-0.0229444372964,-0.0506851501839,-0.0192549363399,0.0,0.0
-0.00422480565786,0.0,-0.0027768749425,-0.00164875528645,-0.0185185583969,0.0,-0.0331522132871,-0.0186510847773,0.0,-0.00658755539311,-0.166110693998,-0.00699071425818,0.0,0.0,-0.00872489419848,0.0,-0.0148747093017,-0.00163977292019,-0.00223242846683,0.0,-0.0353041890641,-0.00301421841095,-0.0655397781174,-0.00621129369432,-0.0221123013754,-0.0262786718352,-0.0101293356346,-0.0334972420813,1.0,-0.0214316157582,-0.00692783399565,-0.00241947589846,0.0,-0.0100916793187,-0.0232585063634,0.0,-0.00137717363341,-0.00640587459789,-0.0111490911617,0.0,-0.0331542306176,-0.0061639480369,-0.0181894500233,0.0,-0.00562267894744,0.0,-0.0144051860701,-0.00623575656083,-0.0162499354163,-0.00640206267092,-0.026558038508,-0.0111997168394,-0.0436379216883,-0.0326846049475,-0.0195856119407,-0.00529106094175,-0.04417871113,-0.00470355275339,-0.0426568955292,0.0,-3.61716790211e-05,-0.0211474125567,-0.0300331828163,-0.0262648648564,-0.00583585284647,-0.0154301589002,0.0,0.0,-0.0498661505062,-0.0410126561627,0.0,-0.0405102640245,0.0,0.0,0.0
-0.0012781786178,0.0,-0.0386868600347,0.0,-0.00345901540186,0.0,-0.0211887070991,0.0,0.0,0.0,-0.0140591285716,0.0,0.0,0.0,0.0,0.0,-0.0551433344446,-0.000350413469507,-0.0522400576115,-0.00796597462024,-0.0283971071384,-0.0109694883105,-0.0503180335208,-0.0574519742939,0.0,-0.0174601136057,0.0,-0.0111631275176,-0.0214316157582,1.0,-0.00152009005012,-0.0280810830501,0.0,-0.0351633169998,-0.00781259242489,-0.0281143549339,-0.0187587064417,0.0,0.0,0.0,-0.017298979427,0.0,-0.0319239634651,0.0,-0.0588770978966,0.0,-0.0102678386543,0.0,-0.00677515048103,-0.00415248557831,-0.0706086907591,-0.0333978799778,-0.0416580884728,-0.0304204256981,-0.0389993028909,-0.00492749334641,-0.0389972143878,-0.00928800049199,0.0,0.0,-0.0177805368023,0.0,-0.00598147963612,-0.00213300883783,-0.036663509325,-0.0373257669232,0.0,-0.0376965912736,-0.0534881754312,-0.069022481,-0.00304575061851,0.0,-0.0310121577028,0.0,0.0
-0.0123449524423,0.0,-0.0499948602582,-0.0138457594807,-0.105369588366,0.0,0.0,-0.000234612278577,-0.0113531723503,0.0,-0.00437916377292,-0.036797205503,-0.00538941660233,0.0,-0.0457655247334,-0.0131707426496,-0.00181454620866,-0.0223356004702,-7.54083398996e-05,-6.75416435234e-05,-0.0103295937977,-0.0144694591679,0.0,-0.00782820802201,-0.00446987400212,0.0,-0.0127908624959,-0.0243519377427,-0.00692783399565,-0.00152009005012,1.0,-0.00635828903698,-0.00229132423958,-0.0227505565387,-0.0042188780047,0.0,-0.00163486748176,-0.0184955038066,-0.0107200656905,0.0,0.0,-0.00551523511607,-0.00944730694943,-0.00625855795699,-0.00230069816934,0.0,-0.0293283772726,-0.0124186042451,-0.0201026996298,-0.0408753036152,-0.016331012946,-0.0109304199901,-0.0361219483083,-0.00182143550259,-0.0312618121962,-0.0674598428894,-0.0344851411077,0.0,-0.0110136338905,0.0,-0.00180545626709,-0.00751224271991,-0.00760681414637,-0.0134179180131,-0.0245026610371,-0.0521242512179,-0.0184920571979,-0.00232641488969,-0.00794367795336,0.0,0.0,-0.00727130357379,-0.0475758237943,0.0,0.0
0.0,-0.00503556091517,-0.00269662067408,-0.0196070847456,-0.00844798653293,0.0,0.0,-0.0544114715662,-0.0384759834245,-0.054748771557,-0.0110799650215,-0.00403401838089,-7.60647623114e-05,-0.027167280204,-0.00714760059322,0.0,-0.0592203098477,-0.0131915021038,0.0,-0.0543619459338,-0.025300943795,-0.0260097452672,-0.0513883434812,-0.070981954438,-0.0129065204625,-0.0319206192401,-0.0267042727744,-0.0211002952948,-0.00241947589846,-0.0280810830501,-0.00635828903698,1.0,0.0,0.0,-0.00767532578962,-0.0236085418948,-0.0142968336734,-7.31709344403e-05,-0.00810745398604,0.0,-0.0792638886579,-0.00953149354843,-0.00244279413369,-0.0030825921302,-0.00497291829113,0.0,-0.016104632398,-0.0112998324647,-0.0119825996981,-0.0028953085868,-0.0413855687189,-0.00750199489803,0.0,-0.0149933642742,-0.00215584816337,-0.00802956114508,-0.0319671299679,-0.0224737830351,-0.0327091403732,0.0,-0.034069176322,0.0,-0.0431380044254,-0.0180285349792,-0.0693307523218,-0.00899692701132,-0.00536671601082,-0.03183952114,-0.0017331671563,-0.00371933999364,-0.0112526351936,-0.0254077401376,0.0,0.0,0.0
0.0,-0.00373516545526,0.0,0.0,0.0,-0.101226061331,0.0,0.0,-0.02287202611,0.0,0.0,0.0,-0.146082577982,-0.00726089577351,0.0,-0.215144700258,0.0,-0.0251590531755,0.0,0.0,0.0,0.0,0.0,0.0,0.0,0.0,-0.0220376647775,0.0,0.0,0.0,-0.00229132423958,0.0,1.0,0.0,0.0,0.0,0.0,-0.0300088750626,0.0,-0.273765442119,0.0,-0.0109927991498,0.0,0.0,0.0,0.0,-0.00013611893686,0.0,0.0,0.0,0.0,0.0,0.0,0.0,0.0,0.0,0.0,0.0,0.0,0.0,-0.00393984607876,0.0,0.0,0.0,0.0,-0.00366336696992,0.0,0.0,0.0,0.0,0.0,0.0,-0.000286412964655,0.0,0.0
-0.00537512108104,-0.0064999780437,-0.0550726413216,-0.0133634373442,-0.0244787977108,-0.00284602755043,-0.0080218215442,-0.0178873190495,-0.0137430596867,-0.00562255384755,-5.23218807666e-05,-0.00358151265103,0.0,-0.0828475669474,-0.00356783828553,-0.00472964820254,-0.0035879564575,-0.0307958107653,-0.0421704687403,0.0,-0.0122702988407,-0.0167995396578,-0.0279171011825,-0.00770709211857,-0.00404448380679,-0.0131762621286,-0.0290291699,-0.0568684588599,-0.0100916793187,-0.0351633169998,-0.0227505565387,0.0,0.0,1.0,-0.0148356650762,-0.00320623505622,0.0,-0.0597938937558,-0.0169371816854,0.0,-0.00156172365787,-0.000213045813942,-0.00158431796498,-0.00426270059478,-0.0323082072121,0.0,0.0,0.0,-0.00248250305705,-0.0137519992447,-0.0117849577403,-0.0116213198607,-4.84860251539e-05,-0.0168904677275,-0.0150366319141,-0.0220763495685,-0.00762011727495,0.0,-0.0327267817395,0.0,-0.00897650235261,-0.00585578206402,-0.0316407295723,-0.00562283421351,-0.023716575481,-0.0452247673649,-0.0148470805639,-0.00701709696736,-0.0150633065744,-0.00818548740288,-0.0108314315218,-0.0267843196106,-0.0178493852745,0.0,0.0
-0.0173700245907,-8.21992387244e-05,0.0,-0.0197747990915,-0.00885865811736,0.0,0.0,0.0,0.0,-0.080744028538,-0.0369035757855,-0.0123754434587,-0.00831558901611,-0.0121464485312,-0.02329039751,-0.000190197063275,-0.00753676998883,-0.00433188106912,-0.0315379095568,-0.00995094141555,-0.00590585032942,-0.012340373957,0.0,-0.00404733037234,-0.00816030869707,-0.00493995945182,-0.00283706420226,-0.102954231376,-0.0232585063634,-0.00781259242489,-0.0042188780047,-0.00767532578962,0.0,-0.0148356650762,1.0,0.0,-0.0137770543512,-0.00764431397772,-0.0166309477872,0.0,-0.00150805275915,0.0,-0.0060140190872,-0.00218274652909,0.0,0.0,0.0,-0.00516163604581,-0.00212208593844,-0.00207954094718,0.0,-0.00384593834273,-0.0123108355646,-0.106258256776,-0.0170027724082,-0.0128039092716,-0.0361203643602,0.0,-0.0414922029707,0.0,-0.0241538884249,0.0,-0.00391694305346,-0.0027157112174,-0.00866579401641,-0.0206542632482,-0.0495994093861,-0.0568969074558,-0.00656194023846,0.0,-0.0387812798888,-0.0341212440421,0.0,0.0,0.0
0.0,0.0,0.0,0.0,-0.023820673312,0.0,0.0,0.0,-0.005633103431,0.0,0.0,0.0,0.0,0.0,0.0,-0.0145229243259,-0.0315329808026,-0.000181825635626,-0.0761326532074,-0.0342912222787,-0.0824401755188,0.0,0.0,-0.0152604889882,0.0,0.0,-0.000160183897643,0.0,0.0,-0.0281143549339,0.0,-0.0236085418948,0.0,-0.00320623505622,0.0,1.0,-0.0156197862361,0.0,0.0,0.0,0.0,-0.00388333862405,0.0,-0.00979821564402,-0.000202670282509,0.0,-0.0186895932329,-0.0606942162961,0.0,0.0,-0.00798267172392,-0.00621913545793,0.0,-0.017265697689,-0.00411534149696,0.0,-0.00972673168999,0.0,0.0,-0.00495464475317,0.0,0.0,-0.0148781641128,-0.00802990676568,-0.066527283031,0.0,0.0,-0.0138232427179,0.0,0.0,0.0,0.0,0.0,0.0,0.0
-0.0301904192545,-0.00549092816659,0.0,-0.00357060707082,-0.00370631979574,0.0,-0.0605191638498,0.0,-0.0248427619003,0.0,-0.00176576022071,0.0,0.0,0.0,0.0,0.0,-0.00621721523231,-0.0135435717019,-0.0150726929292,-0.0256264685276,-0.0332181714993,0.0,-0.0131638033293,-0.00671864791013,-0.0340020673367,-0.0190424926564,-0.0105052233907,-0.0196129680132,-0.00137717363341,-0.0187587064417,-0.00163486748176,-0.0142968336734,0.0,0.0,-0.0137770543512,-0.0156197862361,1.0,0.0,-0.00705953215027,0.0,-0.0469457850888,0.0,-0.0244572634262,-0.00544567126746,-0.00379759339777,0.0,-0.0190286013125,-0.033716628472,0.0,0.0,-0.0121348332718,-0.0148234924853,-0.0208728197343,-0.00745107613322,-0.0572408279144,-0.00209557679763,-0.0372021838609,-0.0439908952715,-0.0488152786131,-0.0185762665407,-0.00611986125218,-0.010739489139,-0.0250331062767,0.0,-0.0413989312835,-0.00455243697862,-0.0262260478118,-0.0229016640265,-0.0220675057418,-0.124291255962,0.0,-0.0119046188572,0.0,0.0,-0.0212517814543
0.0,-0.0300463617666,0.0,0.0,-0.0327253369302,-0.00607975491608,0.0,-0.0312543226802,-0.0180069272572,0.0,-0.000192986424948,0.0,-0.0419531999106,0.0,0.0,-0.0315709115543,0.0,-0.0118931037762,0.0,0.0,-0.0193393603905,0.0,-0.0109063658324,-0.00347581387917,-0.030183381157,-0.000179430119872,-0.0286703345877,0.0,-0.00640587459789,0.0,-0.0184955038066,-7.31709344403e-05,-0.0300088750626,-0.0597938937558,-0.00764431397772,0.0,0.0,1.0,-0.0321970447186,0.0,0.0,0.0,0.0,-0.0313777103625,0.0,0.0,0.0,0.0,0.0,0.0,-0.00315576941296,0.0,0.0,-8.55763405318e-05,-0.00254007499852,0.0,0.0,0.0,0.0,0.0,0.0,0.0,-0.0285882305216,0.0,0.0,-0.0131390734448,-0.0133114204924,0.0,0.0,0.0,0.0,0.0,0.0,0.0,0.0
-0.00700137113923,-0.0222479241575,-0.000266222866438,-0.00621666904884,-0.0152568453214,0.0,0.0,0.0,0.0,-0.022685765348,-0.0257623275643,-0.000322928224734,0.0,-6.94159578107e-05,-0.00955067353122,-5.59008322826e-05,0.0,-0.00329316964869,-0.00654543326665,0.0,-0.00234842025873,0.0,-0.00796450330471,-0.00543886547079,-0.0382697169367,-0.0738627897766,-0.0105376496265,-0.0147043113818,-0.0111490911617,0.0,-0.0107200656905,-0.00810745398604,0.0,-0.0169371816854,-0.0166309477872,0.0,-0.00705953215027,-0.0321970447186,1.0,0.0,-0.00820413542771,-0.00315837623373,0.0,-0.00890781827568,0.0,0.0,0.0,0.0,-0.011718374311,-0.0393697961087,-0.000202735929657,-0.00501451889025,0.0,-0.00473066722469,-0.0036790102338,-0.0150031123286,-0.0401677585729,-0.0133036554574,0.0,-0.113283813669,-0.03025169079,0.0,-0.00731607595228,-0.00327423349449,-0.0242796067834,-0.0215914905273,-0.000109858012518,0.0,-0.00264712592712,-0.00664290412269,-0.0099962899895,-0.0127220763418,0.0,0.0,0.0
0.0,-0.000735994311686,0.0,0.0,0.0,-0.0876013977046,0.0,0.0,-0.0161968752158,0.0,0.0,0.0,-0.242807865061,-0.00648170444455,0.0,-0.248083875777,0.0,-0.0929399677867,0.0,0.0,0.0,0.0,0.0,0.0,0.0,0.0,-0.0165486847934,0.0,0.0,0.0,0.0,0.0,-0.273765442119,0.0,0.0,0.0,0.0,0.0,0.0,1.0,0.0,-0.0073039129125,0.0,0.0,0.0,0.0,0.0,0.0,0.0,0.0,0.0,0.0,0.0,0.0,0.0,0.0,0.0,0.0,0.0,0.0,0.0,0.0,0.0,0.0,0.0,0.0,0.0,0.0,0.0,0.0,0.0,0.0,0.0,0.0,0.0
-0.0209988909621,-0.0226290426822,0.0,-0.00539858536258,0.0,0.0,-0.00579193677493,-0.0361027322535,-0.019675811607,-0.0327102816941,-0.0180057786604,-0.00388098447633,-0.00279090462255,-0.00894313952419,-0.00130335567535,-7.16610055728e-05,0.0,-0.00159417667518,-0.00018477749253,-0.0726932472745,-0.0544229613807,-0.00818767795927,-0.0562536753053,-8.64328492283e-05,-0.0541981029821,-0.0349607241506,-0.0331445552581,0.0,-0.0331542306176,-0.017298979427,0.0,-0.0792638886579,0.0,-0.00156172365787,-0.00150805275915,0.0,-0.0469457850888,0.0,-0.00820413542771,0.0,1.0,0.0,-0.02942735848,-0.022433957063,-0.0033000211346,0.0,0.0,-0.0110255461015,-0.00661882908634,-0.0110760338808,-0.0846813890634,-0.00967221595945,-0.0395174235753,-0.0026444214819,-0.0266436764902,0.0,-0.00931253778974,-0.0208846928364,-0.0161823729616,0.0,-0.0326147660904,-0.00579410943929,-0.0515568756174,-0.0080041040632,-0.0404752353015,-0.0142001765427,-0.00713708264859,-0.0100855907582,-0.0375745535358,-0.0206984721735,0.0,-0.00709293422916,0.0,0.0,0.0
-0.0291427285627,-0.0077738029069,-0.0425163863355,-0.00791318072337,-6.75937601327e-05,-0.0106545530423,0.0,0.0,-0.0327084791859,0.0,0.0,-0.0215645482164,-0.00451621132751,0.0,-0.0156341381754,-0.00856358909113,-0.0152441242617,-0.00563358526198,0.0,-0.00268842381433,-0.00526493574452,0.0,0.0,0.0,-0.00014409699289,-0.0199172838265,-0.0148672529403,-0.00284164989302,-0.0061639480369,0.0,-0.00551523511607,-0.00953149354843,-0.0109927991498,-0.000213045813942,0.0,-0.00388333862405,0.0,0.0,-0.00315837623373,-0.0073039129125,0.0,1.0,-0.022852618496,0.0,0.0,0.0,0.0,-0.0090629493316,-0.145066854595,-0.0114463754943,0.0,-0.00972264738803,-0.0187096429054,-0.00458903923503,-0.00635779446181,-0.0382460055276,-0.0641814858928,-0.000123349432423,0.0,0.0,-0.0134419809725,0.0,-0.0100956530793,-0.0883963524529,-0.0217084134888,-0.0150778539027,-0.00308759024648,-0.00544163911533,-0.00519434820284,-6.82791069501e-05,0.0,-0.000217709443125,-0.0330555706874,0.0,0.0
-0.00716535994304,-0.0158050883904,-0.0027376395804,0.0,0.0,0.0,-0.0155617426949,0.0,-0.011528452009,-0.00692087085548,-0.00947937382467,-0.0580903447698,0.0,0.0,-0.0607862059864,0.0,-0.00142326589135,0.0,-0.00167166005384,0.0,-0.0175836340034,-0.020473825615,-0.0210455774254,0.0,-0.0168650473263,-0.00856448804767,0.0,-0.00837564247295,-0.0181894500233,-0.0319239634651,-0.00944730694943,-0.00244279413369,0.0,-0.00158431796498,-0.0060140190872,0.0,-0.0244572634262,0.0,0.0,0.0,-0.02942735848,-0.022852618496,1.0,-0.0201955913814,-0.0190012178446,0.0,-0.0099417690519,-0.00399649371229,0.0,-0.0677765070071,-0.0212373659896,-0.00441709739581,-0.118240928687,-0.00423858329591,-0.102383603992,0.0,-0.0180175676039,-0.0234504841884,-0.0156101891388,0.0,-0.0175881624539,-0.00203169944761,-0.0484484017527,0.0,-0.0370582595279,-0.0119029472697,-0.0375469172041,-0.0187813910455,-0.0260246874237,-0.0525616073547,-0.00264866367042,0.0,-0.00376134222554,0.0,0.0
-0.145600272455,-0.000378942120641,0.0,-0.146990613578,-3.88632562804e-05,0.0,0.0,-0.024098958878,-0.00600926319274,0.0,0.0,0.0,0.0,0.0,0.0,0.0,0.0,-0.00225066238143,-8.02674765452e-05,0.0,-0.0125131545728,-0.0058917630855,0.0,-0.00449753339758,-0.0319205528477,-5.7593503647e-05,0.0,0.0,0.0,0.0,-0.00625855795699,-0.0030825921302,0.0,-0.00426270059478,-0.00218274652909,-0.00979821564402,-0.00544567126746,-0.0313777103625,-0.00890781827568,0.0,-0.022433957063,0.0,-0.0201955913814,1.0,-0.0197309692522,0.0,-0.0111964112987,-0.0108274838613,-0.00227722584795,-0.00207825205405,-0.0380117719708,-0.0303749495475,-0.00143149904163,-0.00181061911254,-0.0030894321485,0.0,-0.0115091074675,-0.124340778838,-0.008121280332,0.0,-0.028656452676,-0.0449677774621,-0.00777513295533,-0.00561515736362,-0.00386101570574,-0.010711537884,-0.0107152293644,0.0,-0.0110500785069,0.0,-0.000157592477785,-0.0498813470309,0.0,0.0,0.0
